1.03150932862
1.44755225695
0.224455411571
0.0167349533093
1.64848737215
0.0249536768333
0.622833850476
0.621798609277
1.25749706473
0.445872004364
0.0606074095648
2.26073066469
0.305622990198
1.80230234509
1.00458882971
0.650182871327
1.3875609924
1.60867544072
0.875166408028
0.210632800793
0.556747957147
0.405453911571
0.476058944452
0.256359522503
0.0939237839648
0.461992993574
1.75468528096
0.784152446303
0.403109592699
0.392545835159
0.0966061832697
1.53424661581
1.33601498604
0.648342075685
0.535787271495
1.78281782844
3.47824550867
0.974303827434
0.0798198195901
0.34415029511
0.817918386923
1.83083954206
1.76726641158
0.40022085346
0.987012764632
0.657370589791
2.84946229462
0.631895211494
1.08505912885
0.382464089539
1.07559859023
2.57379628095
0.544152153893
5.87564481242
3.10588381813
0.528553254825
0.0270987191252
1.08919295552
0.0589127438393
0.561031698154
0.776815433943
1.35701178379
0.715826465331
0.366683671355
2.37418155791
0.170126998304
0.644941346189
2.73738617933
2.21272402869
0.695410874186
0.226393500364
0.0164896892143
2.16709077128
0.0223263977929
0.802030031234
0.075489284339
0.0810539839354
0.0738774066815
0.941605349182
0.217584296454
0.0275537740006
0.5768784831
0.439379532111
1.77479373012
